0
0
0
0
0
0
0
0
0
0
0
0
0
0
0
0
0
0
0
0
0
0
0
0
0
0
0
0
0
0
0
0
0
0
0
0
0
0
0
0
0
0
0
0
0
0
0
0
0
0
0
0
0
0
0
0
0
0
0
0
0
0
0.04969709
0
0.1005424
0
0.1502459
0
0.2162204
0
0.2668053
0
0.3178174
0
0.3653245
0
0.4159671
0
0.4648111
0
0.5680616
0
0.6185157
0
0.6687298
0
0.7184358
0
0.8677862
0
0.9183724
0
0.9671932
0
1
0
1
0
1
0
1
0
1
0
1
0
1
0
1
0
1
0
1
0
1
0
1
0
1
0
1
0
1
0
1
0
1
0
1
0
1
0
1
0
1
0
1
0
1
0
1
0
1
0
1
0
1
0
1
0
1
0
1
0
1
0
1
0
1
0
1
0
1
0
1
0
1
0
1
0
1
0
1
0
1
0
1
0
1
0
1
0
1
0
1
0
1
0
1
0
1
0
1
0
1
0
1
0
1
0
1
0
1
0
1
0
1
0
1
0
1
0
1
0
1
0
1
0
1
0
1
0
1
0
1
0
1
0
1
0
1
0.1038959
1
0.1592134
1
0.2094929
1
0.2629604
1
0.3152208
1
0.3665779
1
0.4146585
1
0.4643274
1
0.5300403
1
0.5797425
1
0.6294447
1
0.6791546
1
0.7298447
1
0.7795559
1
0.7284592
1
0.678408
1
0.629056
1
0.4021965
1
0.3524943
1
0.3027703
1
0.2529911
1
0.180847
1
0.1144799
1
0.06236457
1
0.01239808
1
0
1
0
1
0
1
0
1
0
1
0
1
0
1
0
1
0
1
0
1
0
1
0
1
0
1
-0.04969709
1
-0.1239502
1
-0.173655
1
-0.2233559
1
-0.2733981
1
-0.3227527
1
-0.3724549
1
-0.4221545
1
-0.4718529
1
-0.5215526
1
-0.5907062
1
-0.6419017
1
-0.6901106
1
-0.7398128
1
-0.685918
1
-0.6306224
1
-0.5809202
1
-0.5293757
1
-0.4739697
1
-0.4046082
1
-0.3549035
1
-0.3052051
1
-0.255136
1
-0.2051567
1
-0.1561023
1
-0.1063988
1
-0.05670685
1
-0.00596163
1
0
1
0
1
0
1
0
1
0
1
0
1
0
1
0
1
0
1
0
1
0
1
0
1
0
1
0
1
0
1
0
1
0
1
0
1
0
1
0
1
0
1
0
1
0
1
0
1
0
1
0
1
0
1
0
1
0
1
0
1
0
1
0
1
0
1
0
1
0
1
0
1
0
1
0
1
-0.05052071
1
-0.1026925
1
-0.1661603
1
-0.489743
1
-0.5394452
1
-0.5897337
1
-0.5406242
1
-0.4284331
1
-0.3787283
1
-0.3282345
1
-0.278522
1
-0.2296267
1
-0.1794332
1
-0.1284031
1
-0.08052778
1
-0.00983984
1
0
1
0
1
0
1
0
1
0
1
0
1
0
1
0
1
0
1
0
1
0
1
0
1
0
1
0
1
-0.04995495
1
-0.1262363
1
-0.1759385
1
-0.2257947
1
-0.2754212
1
-0.3250721
1
-0.3747384
1
-0.4256145
1
-0.4751487
1
-0.5246854
1
-0.4505464
1
-0.4005774
1
-0.3504954
1
-0.3010549
1
-0.2514746
1
-0.2015619
1
-0.1520753
1
-0.1023743
1
-0.0481024
1
0
1
0
1
0
1
0
1
0
1
0
1
0
1
0
1
0
1
-0.08521681
1
-0.1351089
1
-0.1848124
1
-0.2345108
1
-0.2842155
1
-0.3339139
1
-0.3836123
1
-0.4333119
1
-0.4830116
1
-0.5570595
1
-0.6067617
1
-0.65646
1
-0.7067177
1
-0.7562519
1
-0.8055602
1
-0.8553253
1
-0.9049609
1
-0.9546618
1
-0.8690152
1
-0.8005044
1
-0.742081
1
-0.6840335
1
-0.6267724
1
-0.6857526
1
-0.7354574
1
-0.7851545
1
-0.8577026
1
-0.9074151
1
-0.957116
1
-1
1
-1
1
-1
1
-1
1
-1
1
-0.9513908
1
-0.8724679
1
-0.8226887
1
-0.7718383
1
-0.7232869
1
-0.6729457
1
-0.6232423
1
-0.5735439
1
-0.5238417
1
-0.474142
1
-0.3982327
1
-0.4537336
1
-0.5169486
1
-0.5680505
1
-0.6244444
1
-0.6831012
1
-0.7406497
1
-0.7916322
1
-0.8657725
1
-0.9154773
1
-0.8657815
1
-0.8144885
1
-0.7647837
1
-0.7150853
1
-0.665387
1
-0.6153589
1
-0.5659851
1
-0.4887287
1
-0.4390277
1
-0.3893268
1
-0.3396258
1
-0.2899262
1
-0.2396479
1
-0.1905269
1
-0.140731
1
-0.09112629
1
0
1
0
1
0
1
0
1
0
1
0
1
0
1
0
1
0
1
0
1
0.04969709
1
0.1017406
1
0.1490964
1
0.1988024
1
0.2484957
1
0.2984416
1
0.3479668
1
0.4146957
1
0.3618914
1
0.3111578
1
0.2614555
1
0.2097469
1
0.1620575
1
0.1123566
1
0.06265821
1
0.01295727
1
0
1
0
1
0
1
0
1
0
1
0
1
0
1
0
1
0
1
0
1
0
1
0
1
0
1
0
1
0
1
0
1
0
1
0
1
0
1
0
1
0
1
0
1
0
1
0
1
0
1
0
1
0
1
0
1
0
1
0.0534329
1
0.1031364
1
0.1530426
1
0.2032567
1
0.1498469
1
0.08599553
1
0.03576732
1
0
1
0
1
0
1
0
1
0
1
0
1
0
1
0
1
0
1
0
1
0
1
0
1
0
1
0
1
0
1
0
1
0
1
0
1
0
1
0
1
0
1
0
1
0
1
0
1
0
1
0
1
0
1
0
1
0
1
0
1
0
1
0
1
0
1
0
1
0
1
0
1
0
1
0
1
0
1
0
1
0
1
0
1
0
1
0
1
0
1
0
1
0
1
0
1
0
1
0
1
0
1
0
1
0
1
0
1
0
1
0
1
0
1
0
1
0
1
0
1
0
1
0
1
0
1
0
1
0
1
0
1
0
1
0
1
0
1
0
1
0
1
0
1
0
1
0
1
0
1
0
1
0
1
0
1
0
1
0
1
0
1
0
1
0
1
0
1
0
1
0
1
0
1
0
1
0
1
0
1
0
1
0
1
0
1
0
1
0
1
0
1
0
1
0
1
0
1
0
1
0
1
0
